7 0.30167086481947947 0.720390977443609 0.16672544080604537 0.38299248120300744
8 0.5136104114189757 0.321203007518797 0.07484466834592787 0.09589473684210524
1 0.9475818639798488 0.3944360902255639 0.05517212426532329 0.06621052631578943
1 0.6225272879932829 0.21554887218045113 0.04318219983207394 0.09081203007518796
1 0.36764063811922754 0.25977443609022555 0.06356842989084806 0.10193984962406018
1 0.6892191435768262 0.8636541353383459 0.14777497900923595 0.1754436090225565
1 0.9385894206549118 0.3074586466165414 0.034785894206548984 0.08559398496240604
1 0.8534256926952141 0.22714285714285715 0.03238455079764898 0.07103759398496241
1 0.11023509655751469 0.4953684210526316 0.08132661628883292 0.13915789473684206
8 0.11706968933669186 0.2825263157894737 0.07340890008396306 0.1732330827067669
1 0.18063811922753986 0.7075338345864661 0.08060453400503778 0.20260150375939853